interval	time	level_max	level_avg	level_min
I	296925361	30.8	24.8	18.8
I	296904587.7	21.8	19.3	16.8
I	296903756.8	24.6	18.6	12.6
I	296891292.8	51.2	36.2	21.2
I	296890794.2	16.6	10.6	4.6
I	296889630.9	51.1	36.1	21.1
I	296889132.4	10	8	6
I	296885808.6	18.4	12.4	6.4
I	296881654	8.1	6.1	4.1
I	296880823	16.8	10.8	4.8
I	296878828.8	11.3	9.3	7.3
I	296873012.3	16.9	10.9	4.9
I	296870519.5	8.9	6.9	4.9
I	296868026.7	16.8	10.8	4.8
I	296865533.9	8.1	6.1	4.1
I	296863872	16.6	10.6	4.6
I	296861379.2	10.8	8.8	6.8
I	296855562.7	16.2	10.2	4.2
I	296853402.3	10.8	8.8	6.8
I	296847253.4	16.1	10.1	4.1
I	296844760.6	9.2	7.2	5.2
I	296840605.9	14.7	12.2	9.7
I	296839915.6	50.4	35.4	20.4
I	296838120.8	7.8	5.8	3.8
I	296835628	15.6	13.1	10.6
I	296833327	7.5	5.5	3.5
I	296831166.5	75.2	62.7	50.2
I	296829296.9	10.6	8.6	6.6
I	296822317.1	50.2	35.2	20.2
I	296820016.1	12.3	10.3	8.3
I	296810044.9	59.4	44.4	29.4
II	296793426.2	48.7	33.7	18.7
II	296792096.7	18.5	16	13.5
II	296790933.4	18.6	16.1	13.6
II	296789603.9	13.4	7.4	1.4
II	296788440.6	18.5	16	13.5
II	296787111.1	2.4	1.6	0.9
II	296786650.9	2.6	1.1	-0.4
II	296783659.6	4.3	3.5	2.8
II	296780208	2.4	1.7	0.9
II	296779377.1	2.3	1.5	0.8
II	296778686.8	2	1.3	0.5
II	296778387.6	2.1	1.3	0.6
II	296777938.9	2	1.7	1.5
II	296777639.8	2.2	1.5	0.7
II	296776949.5	2.2	2	1.7
II	296776201.6	2.2	2	1.7
II	296775453.8	2.2	2	1.7
II	296774706	0.5	-0.5	-1.5
II	296774245.8	2	1.7	1.5
II	296773797.1	1.2	0.2	-0.8
II	296772186.3	2.1	1.9	1.6
II	296771438.5	0.5	-0.5	-1.5
II	296770748.2	2.1	1.8	1.6
II	296770000.3	0.3	-0.7	-1.7
II	296769540.1	1.8	1.6	1.3
II	296769091.4	1.1	0.1	-0.9
II	296767480.7	1.8	1.5	1.3
II	296767032	1	0	-1
II	296765421.3	2.4	2.1	1.9
II	296763925.6	0.3	-0.7	-1.7
II	296763235.3	1.5	1.3	1
II	296762936.1	0.3	-0.7	-1.7
II	296762245.8	2	1.7	1.5
II	296761198.8	0.2	-0.8	-1.8
II	296760508.5	2.4	2.2	1.9
II	296758713.7	0.4	-0.6	-1.6
II	296757563.2	1.4	1.2	0.9
II	296757114.5	-0.1	-1.1	-2.1
II	296756654.3	1.4	1.2	0.9
II	296756205.6	-0.1	-1.1	-2.1
II	296755745.4	1.4	1.1	0.9
II	296755296.7	-0.1	-1.1	-2.1
II	296754836.5	1.4	1.1	0.9
II	296754387.8	0.3	-0.7	-1.7
II	296753237.2	1.2	1	0.7
II	296752938.1	0	-1	-2
II	296752247.8	-0.2	-1.2	-2.2
II	296751787.6	1.3	1	0.8
II	296751338.9	-0.2	-1.2	-2.2
II	296750878.7	1.2	1	0.7
II	296750430	-0.3	-1.3	-2.3
II	296749969.8	1.2	1	0.7
II	296749521	-0.3	-1.3	-2.3
II	296749060.8	1.2	0.9	0.7
II	296748612.1	-0.3	-1.3	-2.3
II	296748151.9	1.1	0.9	0.6
II	296747703.2	-0.4	-1.4	-2.4
II	296747243	1.1	0.9	0.6
II	296746794.3	-0.5	-1.5	-2.5
II	296746564.2	0.9	0.6	0.4
II	296746414.6	-0.6	-1.6	-2.6
II	296746184.5	0.9	0.6	0.4
II	296746035	-0.6	-1.6	-2.6
II	296745804.9	1	0.7	0.5
II	296745505.7	0.5	-0.5	-1.5
II	296743664.9	0.8	0.6	0.3
II	296743515.3	1.1	0.8	0.6
II	296742917.1	0	-1	-2
II	296741766.5	0.8	0.6	0.3
II	296741467.4	1.1	0.1	-0.9
II	296738476	1.5	1.3	1
II	296736980.4	1.3	0.3	-0.7
II	296733528.8	0.6	0.3	0.1
II	296733229.7	-0.7	-1.7	-2.7
II	296732539.4	0.6	0.3	0.1
II	296732240.2	-0.7	-1.7	-2.7
II	296731549.9	0.5	0.3	0
II	296731250.8	0	-1	-2
II	296729409.9	-1	-1.7	-2.5
II	296728246.6	-0.5	-1.5	-2.5
II	296727096.1	1	0.2	-0.5
II	296722941.4	-1.6	-2.4	-3.1
II	296722442.9	-1.7	-2.4	-3.2
II	296721982.7	3.8	2.8	1.8
II	296720141.8	-1.5	-2.2	-3
II	296719310.9	4	3	2
II	296717009.9	-2	-2.7	-3.5
II	296716779.8	2.5	1.5	0.5
II	296716549.7	-2	-2.7	-3.5
II	296716319.6	2.5	1.5	0.5
II	296716089.5	2.1	1.4	0.6
II	296709646.5	-1.8	-2.6	-3.3
II	296708815.6	2.6	1.6	0.6
II	296708125.3	-0.6	-1.3	-2.1
II	296705364	2.8	1.8	0.8
II	296704213.5	-1.8	-2.5	-3.3
II	296703063	2.4	1.4	0.4
II	296702372.7	3.7	2.2	0.7
III	296693697.7	9.9	3.9	-2.1
III	296693365.4	46.8	31.8	16.8
III	296690041.6	9.7	4.7	-0.3
III	296689709.3	44.8	29.8	14.8
III	296689210.7	56.9	41.9	26.9
III	296670597.8	5.9	3.9	1.9
III	296663119.4	45.9	30.9	15.9
III	296659795.7	43.7	28.7	13.7
III	296659565.6	43.7	28.7	13.7
III	296659399.4	43.7	28.7	13.7
III	296659169.3	43.7	28.7	13.7
III	296659003.1	43.7	28.7	13.7
III	296658773	1.3	0.6	-0.2
III	296657622.5	-0.9	-0.9	-0.9
III	296656791.6	-1.2	-1.2	-1.2
III	296656293	-1.6	-2.5	-3.3
III	296655960.6	1.8	1.4	1
III	296651473.6	-1.8	-2.6	-3.5
III	296651141.2	-0.4	-0.7	-1.1
III	296650642.7	-0.5	-0.9	-1.2
III	296650310.3	-0.4	-0.8	-1.1
III	296649811.7	-0.5	-0.9	-1.3
III	296649479.4	-0.4	-0.8	-1.2
III	296648980.8	-0.5	-0.9	-1.3
III	296648648.4	-0.4	-0.8	-1.2
III	296648149.9	-1.9	-2.7	-3.6
III	296647817.5	0.4	-0.6	-1.6
III	296647472.3	-0.8	-1.1	-1.5
III	296647389.3	-1.7	-1.7	-1.7
III	296647223.1	0.3	-0.5	-1.2
III	296647073.5	0.3	-0.5	-1.2
III	296646907.3	0.3	-0.5	-1.2
III	296646757.7	0.3	-0.5	-1.2
III	296646591.6	0.3	-0.5	-1.2
III	296646442	0.3	-0.5	-1.2
III	296646275.8	0.2	-0.5	-1.3
III	296646126.2	0.3	-0.5	-1.2
III	296645960.1	1.1	0.4	-0.4
III	296644464.4	0.6	-0.2	-0.9
III	296643774.1	0.2	-0.6	-1.3
III	296643624.5	0.4	-0.4	-1.1
III	296643164.3	0.3	-0.4	-1.2
III	296642715.6	0.3	-0.4	-1.2
III	296642255.4	0.3	-0.4	-1.2
III	296641806.7	0.3	-0.4	-1.2
III	296641346.5	-1.7	-1.7	-1.7
III	296640897.8	0.3	-0.5	-1.2
III	296640437.5	0.9	-1.1	-3.1
III	296639108.1	-0.9	-1.2	-1.6
III	296638775.7	-0.8	-1.2	-1.6
III	296637280	68.2	55.7	43.2
III	296636819.8	8.3	5.8	3.3
III	296636129.5	43	28	13
III	296635899.4	43	28	13
III	296635669.3	43	28	13
III	296635439.2	9.3	6.8	4.3
III	296633138.1	-1	-1.4	-1.8
III	296632805.8	3	2.6	2.2
III	296625327.4	8.9	6.4	3.9
III	296623256.4	-0.6	-0.6	-0.6
III	296620265.1	43.1	28.1	13.1
III	296619114.6	8.8	6.3	3.8
III	296616813.5	0.9	-1.1	-3.1
III	296614320.7	67.9	55.4	42.9
III	296613170.2	7.6	5.1	2.6
III	296612479.9	67.4	54.9	42.4
III	296612019.7	43.3	28.3	13.3
III	296610178.8	42.2	42.2	42.2
III	296609846.5	67.2	54.7	42.2
III	296609616.4	42.1	42.1	42.1
III	296609386.3	67.1	54.6	42.1
III	296609156.1	42.1	42.1	42.1
III	296608926	67.1	54.6	42.1
III	296608695.9	42.1	42.1	42.1
III	296608465.8	67.1	54.6	42.1
III	296608235.7	42.1	42.1	42.1
III	296608005.6	67.1	54.6	42.1
III	296607775.5	42.1	42.1	42.1
III	296607545.4	42.3	42.3	42.3
III	296607046.9	67.1	54.6	42.1
III	296606816.8	42.1	42.1	42.1
III	296606586.7	67.1	54.6	42.1
III	296606356.5	42	42	42
III	296606126.4	67	54.5	42
III	296605896.3	42	42	42
III	296605666.2	67	54.5	42
III	296605436.1	42	42	42
III	296605206	67	54.5	42
III	296604975.9	42	42	42
III	296604745.8	67	54.5	42
III	296604515.7	42	42	42
III	296604285.6	67	54.5	42
III	296604055.5	42	42	42
III	296603825.4	67	54.5	42
III	296603595.3	42	42	42
III	296603262.9	66.9	54.4	41.9
III	296603032.8	41.9	41.9	41.9
III	296602802.7	66.9	54.4	41.9
III	296602572.6	41.9	41.9	41.9
III	296602342.5	66.9	54.4	41.9
III	296602112.4	41.9	41.9	41.9
III	296601882.3	66.9	54.4	41.9
III	296601652.2	41.9	41.9	41.9
III	296601422.1	66.9	54.4	41.9
III	296601192	41.9	41.9	41.9
III	296600961.9	42.1	42.1	42.1
III	296600463.3	66.9	54.4	41.9
III	296600233.2	41.9	41.9	41.9
III	296600003.1	66.8	54.3	41.8
III	296599773	41.8	41.8	41.8
III	296599542.9	66.8	54.3	41.8
III	296599312.8	41.9	41.9	41.9
III	296598980.4	66.9	54.4	41.9
III	296598635.3	41.7	41.7	41.7
III	296598520.2	68.2	55.7	43.2
III	296596219.2	42	42	42
III	296595528.9	71.6	59.1	46.6
IV	296588050.5	24.9	23.4	21.9
IV	296542349.2	18.9	17.4	15.9
IV	296503461.6	-6.1	-7.6	-9.1
IV	296500137.8	-4.6	-5	-5.4
IV	296497836.8	-8.6	-9.3	-10.1
IV	296497146.5	-5	-6	-7
IV	296494845.4	-8.8	-9.6	-10.3
IV	296494385.2	-5.1	-6.1	-7.1
IV	296492084.2	-8.7	-9.5	-10.2
IV	296491393.9	-7.7	-8.4	-9.2
IV	296489092.8	-7.6	-8.4	-9.1
IV	296486600	-6.6	-7.6	-8.6
IV	296486139.8	-8.6	-9.4	-10.1
IV	296484989.3	-6.2	-7.2	-8.2
IV	296483838.8	-9	-9.7	-10.5
IV	296483148.5	-6.2	-7.2	-8.2
IV	296481998	-9.2	-10	-10.7
IV	296481537.7	-6.5	-7.2	-8
IV	296476935.7	-4.1	-5.1	-6.1
IV	296472333.6	-6.1	-7.1	-8.1
IV	296470492.7	-4.5	-5.2	-6
IV	296462439.1	-9.4	-10.1	-10.9
IV	296461275.8	-8.9	-9.7	-10.4
IV	296459435	-9.9	-10.7	-11.4
IV	296458974.7	-7.5	-8.5	-9.5
IV	296458629.6	-7.5	-8.5	-9.5
IV	296458284.4	-6.7	-7.7	-8.7
IV	296456673.7	-9.8	-10.6	-11.3
IV	296455983.4	-6.6	-7.6	-8.6
IV	296454142.6	-9.8	-10.5	-11.3
IV	296453222.1	-6.7	-7.7	-8.7
IV	296451381.3	-6.7	-7.1	-7.5
IV	296449885.6	-7.9	-8.9	-9.9
IV	296449655.5	-7.8	-8.6	-9.5
IV	296448824.6	-7.7	-8.7	-9.7
IV	296448364.4	-5.8	-6.2	-6.6
IV	296445373	-7.9	-8.9	-9.9
IV	296444912.8	-6.9	-7.8	-8.6
IV	296442586.2	-6	-6.4	-6.8
IV	296439594.8	-5.1	-6.1	-7.1
IV	296437754	-5.3	-7.3	-9.3
IV	296436092.1	-10	-10.8	-11.5
IV	296434711.5	-6.2	-6.6	-7
IV	296431720.2	-10.8	-11.5	-12.3
IV	296431260	-5.7	-6.5	-7.2
IV	296423206.3	-10.6	-11.3	-12.1
IV	296422055.8	-7.4	-8.4	-9.4
IV	296419754.7	-11.2	-11.9	-12.7
IV	296419294.5	-10.3	-11	-11.8
IV	296417453.7	-6.2	-8.2	-10.2
IV	296416124.2	-7.5	-8.5	-9.5
IV	296413823.2	-11.3	-12.1	-12.8
IV	296413363	-7.6	-8.6	-9.6
IV	296411061.9	-11.3	-12	-12.8
IV	296410371.6	-7.7	-8.7	-9.7
IV	296408070.6	-11.5	-12.3	-13
IV	296407610.4	-7.8	-8.8	-9.8
IV	296405309.3	-2.7	-3.4	-4.2
V	296391503	-9.1	-9.8	-10.6
V	296389558.7	-11.1	-11.8	-12.6
V	296387564.4	-4.7	-5.1	-5.5
V	296380086	-12.2	-12.9	-13.7
V	296379255.1	-6	-8	-10
V	296375931.4	-8.8	-9.6	-10.3
V	296372940	-10.4	-11.4	-12.4
V	296370639	-10	-11	-12
V	296369948.7	-10.5	-11.3	-12
V	296369200.8	-11.3	-12.3	-13.3
V	296368050.3	-10.1	-10.8	-11.6
V	296366554.6	-7.6	-8.6	-9.6
V	296364943.9	-10.4	-11.1	-11.9
V	296363747.4	-10.4	-11.4	-12.4
V	296363287.1	-10.7	-11.5	-12.2
V	296362539.3	-8	-9	-10
V	296361388.8	-11.1	-11.9	-12.6
V	296361089.7	-8.7	-9.7	-10.7
V	296360859.5	-9.5	-9.9	-10.3
V	296359363.9	-8.7	-9.7	-10.7
V	296359133.8	-11.3	-12	-12.8
V	296358984.2	-8.6	-9.6	-10.6
V	296358524	-10.4	-11.1	-11.9
V	296357028.3	-8.8	-9.8	-10.8
V	296356798.2	-11.3	-12.1	-12.8
V	296356648.6	-8.8	-9.8	-10.8
V	296356418.5	-11.4	-12.1	-12.9
V	296356269	-8.8	-9.8	-10.8
V	296356038.9	-11.4	-12.1	-12.9
V	296355889.3	-8.8	-9.8	-10.8
V	296355659.2	-7.1	-8.1	-9.1
V	296349906.6	-10.7	-11.4	-12.2
V	296348410.9	-9.1	-10.1	-11.1
V	296348180.8	-11.6	-12.4	-13.1
V	296348031.2	-9.1	-10.1	-11.1
V	296347801.1	-11.6	-12.4	-13.1
V	296347651.6	-9.1	-10.1	-11.1
V	296347421.5	-11.4	-12.2	-12.9
V	296346972.8	-8.6	-9.6	-10.6
V	296346052.3	-11.7	-12.4	-13.2
V	296345902.8	-8.7	-9.7	-10.7
V	296344982.4	-11.7	-12.5	-13.2
V	296344832.8	-8.7	-9.7	-10.7
V	296343912.4	-11.8	-12.5	-13.3
V	296343762.8	-8.7	-9.7	-10.7
V	296342842.4	-11.8	-12.5	-13.3
V	296342692.8	-8.8	-9.8	-10.8
V	296341772.4	-11.8	-12.6	-13.3
V	296341622.8	-8.8	-9.8	-10.8
V	296340702.4	-11.9	-12.6	-13.4
V	296340552.8	-9.1	-10.1	-11.1
V	296340092.6	-10	-10.7	-11.5
V	296337101.3	-12	-12.7	-13.5
V	296336951.7	-9.1	-10.1	-11.1
V	296336261.4	-12	-12.7	-13.5
V	296336111.8	-9.1	-10.1	-11.1
V	296335421.5	-12	-12.8	-13.5
V	296335272	-9.2	-10.2	-11.2
V	296334581.6	-12	-12.8	-13.5
V	296334432.1	-9.2	-10.2	-11.2
V	296333741.8	-12.1	-12.8	-13.6
V	296333592.2	-9.2	-10.2	-11.2
V	296332901.9	-12.1	-12.8	-13.6
V	296332752.3	-9.2	-10.2	-11.2
V	296332062	-12.1	-12.9	-13.6
V	296331912.4	-10.4	-10.8	-11.2
V	296330416.8	-12.2	-12.9	-13.7
V	296330267.2	-9.3	-10.3	-11.3
V	296329576.9	-12.2	-13	-13.7
V	296329427.3	-9.3	-10.3	-11.3
V	296328737	-12.2	-13	-13.7
V	296328587.4	-9.5	-10.5	-11.5
V	296328127.2	-12.2	-13	-13.7
V	296327977.6	-9.5	-10.5	-11.5
V	296327517.4	-13.4	-13.9	-14.4
V	296326769.6	-13.4	-13.9	-14.4
V	296326021.8	-8.4	-9.4	-10.4
V	296323720.7	-11.2	-11.9	-12.7
V	296321776.3	-9.7	-10.1	-10.5
V	296318785	-12.1	-12.9	-13.6
V	296318037.1	-9.5	-10.5	-11.5
V	296317116.7	-12.3	-13	-13.8
V	296316518.5	-9.6	-10.6	-11.6
V	296315598	-12.3	-13.1	-13.8
V	296314999.8	-9.6	-10.6	-11.6
V	296314079.3	-12.4	-13.1	-13.9
V	296313481.1	-9.7	-10.7	-11.7
V	296312560.7	-12.4	-13.2	-13.9
V	296311962.4	-9.7	-10.7	-11.7
V	296311042	-12.5	-13.2	-14
VI	296310443.7	-8.3	-9.8	-11.3
VI	296301303.4	-14.3	-14.8	-15.3
VI	296300705.2	-11.1	-11.8	-12.6
VI	296297483.7	-10.5	-10.9	-11.3
VI	296294492.4	-13.3	-14.1	-14.8
VI	296294342.8	-12.8	-13.5	-14.3
VI	296293422.4	-10.9	-11.7	-12.4
VI	296289683.2	-13.2	-14	-14.7
VI	296289223	-11.8	-12.2	-12.6
VI	296287727.3	-13.4	-14.2	-14.9
VI	296287428.2	-9.8	-11.8	-13.8
VI	296285433.9	-14.6	-15.3	-16.1
VI	296283772.1	-13.5	-14.3	-15
VI	296280448.3	-10.8	-11.5	-12.3
VI	296275846.2	-13.7	-14.4	-15.2
VI	296275397.5	-12.8	-13.5	-14.3
VI	296273556.7	-13.9	-14.6	-15.4
VI	296273257.6	-12.2	-13	-13.7
VI	296270496.3	-13.8	-14.5	-15.3
VI	296269898	-13.9	-14.6	-15.4
VI	296269437.8	-14.1	-14.8	-15.6
VI	296269288.3	-14	-14.8	-15.5
VI	296269058.2	-14	-14.8	-15.5
VI	296268759	-13.4	-14.2	-14.9
VI	296267608.5	-12.7	-13.5	-14.2
VI	296265365	-13.5	-13.5	-13.5
VI	296264866.4	-13.9	-14.7	-15.4
VI	296264268.2	-13.9	-14.6	-15.4
VI	296263577.8	-12.6	-13.3	-14.1
VI	296260885.6	-13.2	-14.2	-15.2
VI	296259735.1	-15.2	-16.2	-17.2
VI	296259274.9	-13	-13.8	-14.5
VI	296257031.4	-14.4	-15.2	-15.9
VI	296256801.3	-14.3	-15	-15.8
VI	296256352.6	-14	-14.7	-15.5
VI	296255432.2	-14.5	-15.3	-16
VI	296255282.6	-14	-14.8	-15.5
VI	296254385.2	-14.6	-15.3	-16.1
VI	296254235.6	-14.1	-14.8	-15.6
VI	296253315.2	-14.5	-15.2	-16
VI	296253016.1	-13	-13.8	-14.5
VI	296250484.9	-13.8	-14.5	-15.3
VI	296248989.2	-10.2	-11	-11.7
VI	296242086.1	-14	-14.8	-15.5
VII	296240590.4	-13.6	-14.3	-15.1
VII	296238289.4	-12.4	-12.4	-12.4
VII	296234965.7	-13.4	-14.2	-14.9
VII	296232204.4	-11.6	-12	-12.4
VII	296227717.4	-13.5	-14.2	-15
VII	296224726	-15.4	-16.1	-16.9
VII	296224426.9	-15.3	-16	-16.8
VII	296223966.7	-15.4	-16.2	-16.9
VII	296223667.5	-15.3	-16.1	-16.8
VII	296223207.3	-15.4	-16.2	-16.9
VII	296222908.2	-15.3	-16.1	-16.8
VII	296222448	-15.5	-16.2	-17
VII	296222148.8	-15.4	-16.1	-16.9
VII	296221688.6	-15.5	-16.2	-17
VII	296221389.5	-15.4	-16.1	-16.9
VII	296220929.3	-15.5	-16.3	-17
VII	296220630.2	-15.4	-16.2	-16.9
VII	296220169.9	-15.5	-16.3	-17
VII	296219870.8	-14.9	-15.7	-16.4
VIII	296218674.3	-12	-12.4	-12.8
VIII	296214187.2	-14.6	-15.3	-16.1
VIII	296209201.6	-15.6	-16.1	-16.6
VIII	296206210.3	-13.4	-13.8	-14.2
VIII	296203218.9	-16.4	-16.9	-17.4
VIII	296201125	-16.8	-17.3	-17.8
VIII	296199629.3	-13.8	-14.5	-15.3
VIII	296195740.5	-12.3	-13.1	-13.8
VIII	296189458.7	-11.9	-12.3	-12.7
VIII	296183476	-16.7	-17.4	-18.2
VIII	296183176.8	-14.1	-14.5	-14.9
VIII	296180185.5	-16.8	-17.5	-18.3
VIII	296179886.4	-16.7	-17.4	-18.2
VIII	296179426.1	-16.4	-17.2	-17.9
VIII	296178528.7	-15.5	-17	-18.5
VIII	296176285.2	-16.6	-17.3	-18.1
VIII	296172462.9	-16.5	-17.2	-18
VIII	296168308.3	-16.4	-17.1	-17.9
VIII	296166812.6	-17.1	-17.9	-18.6
VIII	296166363.9	-17.5	-18.3	-19
VIII	296163538.7	-16.5	-17.3	-18
VIII	296162043	-19	-19.8	-20.5
VIII	296161212.1	-17.3	-18	-18.8
VIII	296160763.4	-17.4	-18.2	-18.9
VIII	296160533.3	-17.4	-18.2	-18.9
VIII	296160234.2	-16.1	-16.9	-17.6
VIII	296157990.7	-16.3	-17.1	-17.8
VIII	296155919.7	-17.5	-18.2	-19
VIII	296155471	-16.3	-17	-17.8
VIII	296153227.5	-17	-17.8	-18.5
VIII	296152031	-14.7	-16.7	-18.7
VIII	296151033.8	-17.5	-18.3	-19
VIII	296150435.6	-17.5	-18.2	-19
VIII	296149745.2	-17.5	-18.3	-19
VIII	296149147	-17.5	-18.3	-19
VIII	296148456.7	-17.6	-18.3	-19.1
VIII	296147858.4	-17.7	-18.5	-19.2
VIII	296147398.2	-17.5	-18.3	-19
VIII	296146650.3	-17.6	-18.3	-19.1
VIII	296145960	-17.7	-18.4	-19.2
VIII	296145361.8	-17.8	-18.5	-19.3
VIII	296144901.6	-17.6	-18.4	-19.1
VIII	296144153.7	-17.9	-18.7	-19.4
VIII	296143854.6	-17.6	-18.4	-19.1
VIII	296143106.7	-17.9	-18.6	-19.4
VIII	296142658	-17.9	-18.6	-19.4
VIII	296142209.3	-18.8	-19.6	-20.3
VIII	296140138.4	-17.6	-18.3	-19.1
VIII	296139091.4	-15.8	-17.8	-19.8
	
