interval	time	level_max	level_avg	level_min
I	-296934331	25.6	19.6	13.6
I	-296912039.9	14.5	12	9.5
I	-296911148.3	18.2	12.2	6.2
I	-296897773.6	43.6	28.6	13.6
I	-296897238.6	9	3	-3
I	-296895990.3	43.5	28.5	13.5
I	-296895455.3	2.6	0.6	-1.4
I	-296891888.7	11	5	-1
I	-296887430.5	0.3	-1.7	-3.7
I	-296886538.9	9.1	3.1	-2.9
I	-296884398.9	3.9	1.9	-0.1
I	-296878157.4	9.1	3.1	-2.9
I	-296875482.5	1	-1	-3
I	-296872807.6	8.8	2.8	-3.2
I	-296870132.6	0.1	-1.9	-3.9
I	-296868349.3	8.6	2.6	-3.4
I	-296865674.4	3	1	-1
I	-296859432.9	7.9	1.9	-4.1
I	-296857114.6	2.8	0.8	-1.2
I	-296850516.5	7.7	1.7	-4.3
I	-296847841.5	0.9	-1.1	-3.1
I	-296843383.3	6	3.5	1
I	-296842698.5	41.7	26.7	11.7
I	-296840986.6	-0.7	-2.7	-4.7
I	-296838311.6	6.9	4.4	1.9
I	-296836029	-1.2	-3.2	-5.2
I	-296833710.8	66.4	53.9	41.4
I	-296831808.6	2.2	0.2	-1.8
I	-296824318.8	41.2	26.2	11.2
I	-296822036.2	4	2	0
I	-296811336.4	51.4	36.4	21.4
II	-296793503.6	39.1	24.1	9.1
II	-296792076.9	8.9	6.4	3.9
II	-296790828.6	8.9	6.4	3.9
II	-296789402	3.7	-2.3	-8.3
II	-296788153.7	8.8	6.3	3.8
II	-296786727.1	-7.4	-8.2	-8.9
II	-296786270.5	-7.3	-8.8	-10.3
II	-296783417.3	-5.5	-6.3	-7
II	-296779993.4	-7.5	-8.2	-9
II	-296779101.7	-7.7	-8.4	-9.2
II	-296778416.9	-8	-8.7	-9.5
II	-296778131.6	-7.9	-8.6	-9.4
II	-296777703.6	-8	-8.3	-8.5
II	-296777418.3	-7.7	-8.5	-9.2
II	-296776733.5	-7.8	-8	-8.3
II	-296776020.2	-7.8	-8	-8.3
II	-296775306.9	-7.8	-8.1	-8.3
II	-296774593.6	-9.5	-10.5	-11.5
II	-296774137	-8.1	-8.3	-8.6
II	-296773709.1	-8.8	-9.8	-10.8
II	-296772111.2	-8	-8.2	-8.5
II	-296771397.9	-9.5	-10.5	-11.5
II	-296770713.1	-8.1	-8.3	-8.6
II	-296769999.8	-9.8	-10.8	-11.8
II	-296769543.3	-8.3	-8.6	-8.8
II	-296769115.3	-9	-10	-11
II	-296767517.5	-8.4	-8.7	-8.9
II	-296767089.5	-9.1	-10.1	-11.1
II	-296765491.7	-7.8	-8.1	-8.3
II	-296764065	-9.9	-10.9	-11.9
II	-296763380.3	-8.7	-9	-9.2
II	-296763094.9	-9.9	-10.9	-11.9
II	-296762410.1	-8.3	-8.5	-8.8
II	-296761411.5	-10	-11	-12
II	-296760726.7	-7.8	-8.1	-8.3
II	-296759014.8	-9.8	-10.8	-11.8
II	-296757873.5	-8.9	-9.1	-9.4
II	-296757445.5	-10.4	-11.4	-12.4
II	-296756988.9	-8.9	-9.2	-9.4
II	-296756561	-10.4	-11.4	-12.4
II	-296756104.4	-9	-9.2	-9.5
II	-296755676.4	-10.5	-11.5	-12.5
II	-296755219.9	-9	-9.3	-9.5
II	-296754791.9	-10	-11	-12
II	-296753650.6	-9.2	-9.4	-9.7
II	-296753365.3	-10.4	-11.4	-12.4
II	-296752680.5	-10.6	-11.6	-12.6
II	-296752224	-9.2	-9.4	-9.7
II	-296751796	-10.7	-11.7	-12.7
II	-296751339.5	-9.2	-9.5	-9.7
II	-296750911.5	-10.7	-11.7	-12.7
II	-296750455	-9.2	-9.5	-9.7
II	-296750027	-10.7	-11.7	-12.7
II	-296749570.5	-9.3	-9.5	-9.8
II	-296749142.5	-10.8	-11.8	-12.8
II	-296748686	-9.3	-9.6	-9.8
II	-296748258	-10.8	-11.8	-12.8
II	-296747801.4	-9.4	-9.6	-9.9
II	-296747373.5	-11	-12	-13
II	-296747145.2	-9.6	-9.9	-10.1
II	-296747002.5	-11.1	-12.1	-13.1
II	-296746774.3	-9.6	-9.9	-10.1
II	-296746631.6	-11.1	-12.1	-13.1
II	-296746403.4	-9.5	-9.8	-10
II	-296746118	-10	-11	-12
II	-296744291.9	-9.7	-10	-10.2
II	-296744149.3	-9.5	-9.7	-10
II	-296743578.6	-10.6	-11.6	-12.6
II	-296742437.3	-9.7	-10	-10.2
II	-296742152	-9.4	-10.4	-11.4
II	-296739184.6	-9.1	-9.3	-9.6
II	-296737758	-9.3	-10.3	-11.3
II	-296734334.1	-10.1	-10.4	-10.6
II	-296734048.7	-11.4	-12.4	-13.4
II	-296733363.9	-10.2	-10.4	-10.7
II	-296733078.6	-11.4	-12.4	-13.4
II	-296732393.8	-10.2	-10.5	-10.7
II	-296732108.5	-10.7	-11.7	-12.7
II	-296730282.4	-11.7	-12.4	-13.2
II	-296729034.1	-11.3	-12.3	-13.3
II	-296727892.8	-9.5	-10.3	-11
II	-296723434.6	-12.5	-13.2	-14
II	-296722899.6	-12.6	-13.3	-14.1
II	-296722443.1	-7.1	-8.1	-9.1
II	-296720617	-12.4	-13.1	-13.9
II	-296719725.4	-7	-8	-9
II	-296717442.8	-13	-13.8	-14.5
II	-296717214.5	-8.5	-9.5	-10.5
II	-296716986.2	-13	-13.8	-14.5
II	-296716758	-8.5	-9.5	-10.5
II	-296716529.7	-8.7	-9.5	-10.2
II	-296710138.4	-12.9	-13.6	-14.4
II	-296709246.8	-8.6	-9.6	-10.6
II	-296708562	-11.7	-12.4	-13.2
II	-296705822.8	-8.4	-9.4	-10.4
II	-296704681.5	-13	-13.7	-14.5
II	-296703540.2	-8.9	-9.9	-10.9
II	-296702855.5	-7.6	-9.1	-10.6
III	-296694581	-1.5	-7.5	-13.5
III	-296694224.3	35.7	20.7	5.7
III	-296690657.8	-1.7	-6.7	-11.7
III	-296690301.1	33.4	18.4	3.4
III	-296689766.1	47	32	17
III	-296669793.3	-5.4	-7.4	-9.4
III	-296661768.5	34.1	19.1	4.1
III	-296658201.9	31.6	16.6	1.6
III	-296657973.7	31.5	16.5	1.5
III	-296657795.3	31.6	16.6	1.6
III	-296657567.1	31.5	16.5	1.5
III	-296657388.7	31.6	16.6	1.6
III	-296657160.5	-10.8	-11.6	-12.3
III	-296656019.2	-13.1	-13.1	-13.1
III	-296655127.5	-13.3	-13.3	-13.3
III	-296654592.5	-13.8	-14.6	-15.5
III	-296654235.9	-10.5	-10.9	-11.3
III	-296649956	-14	-14.9	-15.7
III	-296649599.3	-12.6	-13	-13.4
III	-296649064.4	-12.8	-13.1	-13.5
III	-296648707.7	-12.7	-13	-13.4
III	-296648172.7	-12.8	-13.2	-13.6
III	-296647816.1	-12.7	-13.1	-13.5
III	-296647281.1	-12.9	-13.2	-13.6
III	-296646924.4	-12.7	-13.1	-13.5
III	-296646389.4	-14.2	-15	-15.9
III	-296646032.8	-11.9	-12.9	-13.9
III	-296645690.4	-13.1	-13.5	-13.9
III	-296645601.2	-14.1	-14.1	-14.1
III	-296645422.9	-12.1	-12.8	-13.6
III	-296645280.2	-12.1	-12.8	-13.6
III	-296645101.9	-12.1	-12.9	-13.6
III	-296644959.2	-12.1	-12.8	-13.6
III	-296644780.9	-12.1	-12.9	-13.6
III	-296644638.2	-12.1	-12.9	-13.6
III	-296644459.9	-12.1	-12.9	-13.6
III	-296644317.2	-12.1	-12.9	-13.6
III	-296644138.9	-11.3	-12	-12.8
III	-296642712.3	-11.8	-12.6	-13.3
III	-296642027.5	-12.3	-13	-13.8
III	-296641884.8	-12	-12.8	-13.5
III	-296641428.3	-12.1	-12.8	-13.6
III	-296641000.3	-12.1	-12.8	-13.6
III	-296640543.8	-12.1	-12.9	-13.6
III	-296640115.8	-12.1	-12.9	-13.6
III	-296639659.3	-14.2	-14.2	-14.2
III	-296639231.3	-12.2	-12.9	-13.7
III	-296638774.8	-11.5	-13.5	-15.5
III	-296637348.2	-13.3	-13.7	-14.1
III	-296636991.5	-13.3	-13.7	-14.1
III	-296635564.9	55.6	43.1	30.6
III	-296635108.3	-4.2	-6.7	-9.2
III	-296634423.6	30.4	15.4	0.4
III	-296634195.3	30.4	15.4	0.4
III	-296633967	30.4	15.4	0.4
III	-296633738.8	-3.2	-5.7	-8.2
III	-296631456.2	-13.6	-14	-14.4
III	-296631099.5	-9.6	-10	-10.4
III	-296623966.4	-3.8	-6.3	-8.8
III	-296621912	-13.3	-13.3	-13.3
III	-296618944.6	30.3	15.3	0.3
III	-296617803.3	-3.9	-6.4	-8.9
III	-296615520.7	-11.8	-13.8	-15.8
III	-296612845.8	55	42.5	30
III	-296611704.5	-5.4	-7.9	-10.4
III	-296611019.7	54.4	41.9	29.4
III	-296610563.2	30.4	15.4	0.4
III	-296608737.1	29.3	29.3	29.3
III	-296608380.4	54.1	41.6	29.1
III	-296608152.2	29.1	29.1	29.1
III	-296607923.9	54.1	41.6	29.1
III	-296607695.6	29.1	29.1	29.1
III	-296607467.4	54.1	41.6	29.1
III	-296607239.1	29.1	29.1	29.1
III	-296607010.9	54.1	41.6	29.1
III	-296606782.6	29.1	29.1	29.1
III	-296606554.3	54.1	41.6	29.1
III	-296606326.1	29	29	29
III	-296606097.8	29.3	29.3	29.3
III	-296605562.8	54	41.5	29
III	-296605334.6	29	29	29
III	-296605106.3	54	41.5	29
III	-296604878	29	29	29
III	-296604649.8	54	41.5	29
III	-296604421.5	29	29	29
III	-296604193.3	53.9	41.4	28.9
III	-296603965	28.9	28.9	28.9
III	-296603736.7	53.9	41.4	28.9
III	-296603508.5	28.9	28.9	28.9
III	-296603280.2	53.9	41.4	28.9
III	-296603052	28.9	28.9	28.9
III	-296602823.7	53.9	41.4	28.9
III	-296602595.4	28.9	28.9	28.9
III	-296602367.2	53.9	41.4	28.9
III	-296602138.9	28.9	28.9	28.9
III	-296601782.3	53.8	41.3	28.8
III	-296601554	28.8	28.8	28.8
III	-296601325.7	53.8	41.3	28.8
III	-296601097.5	28.8	28.8	28.8
III	-296600869.2	53.8	41.3	28.8
III	-296600641	28.8	28.8	28.8
III	-296600412.7	53.8	41.3	28.8
III	-296600184.4	28.7	28.7	28.7
III	-296599956.2	53.7	41.2	28.7
III	-296599727.9	28.7	28.7	28.7
III	-296599499.6	28.9	28.9	28.9
III	-296598964.7	53.7	41.2	28.7
III	-296598736.4	28.7	28.7	28.7
III	-296598508.1	53.7	41.2	28.7
III	-296598279.9	28.7	28.7	28.7
III	-296598051.6	53.6	41.1	28.6
III	-296597823.4	28.7	28.7	28.7
III	-296597466.7	53.7	41.2	28.7
III	-296597124.3	28.5	28.5	28.5
III	-296597010.2	55	42.5	30
III	-296594727.6	28.8	28.8	28.8
III	-296594042.8	58.9	46.4	33.9
IV	-296586018	15.3	13.8	12.3
IV	-296536977.6	4.5	3	1.5
IV	-296499885.2	-20.8	-22.3	-23.8
IV	-296496318.6	-19.6	-20	-20.4
IV	-296494036	-23.6	-24.4	-25.1
IV	-296493351.2	-20.1	-21.1	-22.1
IV	-296491068.6	-23.9	-24.7	-25.4
IV	-296490612.1	-20.2	-21.2	-22.2
IV	-296488329.5	-23.9	-24.7	-25.4
IV	-296487644.7	-22.8	-23.6	-24.3
IV	-296485362.1	-22.7	-23.4	-24.2
IV	-296482687.1	-21.9	-22.9	-23.9
IV	-296482230.6	-23.9	-24.6	-25.4
IV	-296481089.3	-21.5	-22.5	-23.5
IV	-296479948	-24.3	-25.1	-25.8
IV	-296479263.2	-21.5	-22.5	-23.5
IV	-296478121.9	-24.6	-25.3	-26.1
IV	-296477665.4	-21.7	-22.5	-23.2
IV	-296473100.2	-19.4	-20.4	-21.4
IV	-296468535	-21.6	-22.6	-23.6
IV	-296466708.9	-19.9	-20.6	-21.4
IV	-296458719.8	-25	-25.7	-26.5
IV	-296457471.5	-24.6	-25.4	-26.1
IV	-296455645.4	-25.7	-26.4	-27.2
IV	-296455188.8	-23.3	-24.3	-25.3
IV	-296454846.5	-23.3	-24.3	-25.3
IV	-296454504.1	-22.4	-23.4	-24.4
IV	-296452906.2	-25.7	-26.4	-27.2
IV	-296452221.5	-22.4	-23.4	-24.4
IV	-296450395.4	-25.6	-26.4	-27.1
IV	-296449482.3	-22.5	-23.5	-24.5
IV	-296447656.2	-22.6	-23	-23.4
IV	-296446229.6	-23.8	-24.8	-25.8
IV	-296446001.3	-23.7	-24.5	-25.4
IV	-296445109.7	-23.7	-24.7	-25.7
IV	-296444653.2	-21.7	-22.1	-22.5
IV	-296441799.9	-23.9	-24.9	-25.9
IV	-296441343.4	-22.8	-23.6	-24.5
IV	-296438846.8	-22	-22.4	-22.8
IV	-296435993.5	-21.2	-22.2	-23.2
IV	-296434167.4	-21.3	-23.3	-25.3
IV	-296432384.2	-26.2	-26.9	-27.7
IV	-296431014.6	-22.4	-22.8	-23.2
IV	-296428161.3	-27	-27.8	-28.5
IV	-296427704.8	-21.8	-22.5	-23.3
IV	-296419715.7	-27	-27.7	-28.5
IV	-296418574.4	-23.7	-24.7	-25.7
IV	-296416291.8	-27.6	-28.4	-29.1
IV	-296415835.2	-26.7	-27.4	-28.2
IV	-296414009.2	-22.5	-24.5	-26.5
IV	-296412582.5	-24	-25	-26
IV	-296410299.9	-27.9	-28.7	-29.4
IV	-296409843.4	-24.1	-25.1	-26.1
IV	-296407560.8	-27.9	-28.6	-29.4
IV	-296406876	-24.3	-25.3	-26.3
IV	-296404593.4	-28.2	-28.9	-29.7
IV	-296404136.9	-24.4	-25.4	-26.4
IV	-296401854.3	-19	-19.8	-20.5
V	-296388158.6	-26	-26.8	-27.5
V	-296386304	-27.9	-28.7	-29.4
V	-296384164.1	-21.7	-22.1	-22.5
V	-296377030.9	-29.2	-30	-30.7
V	-296376139.3	-22.9	-24.9	-26.9
V	-296372572.7	-26.1	-26.8	-27.6
V	-296369719.4	-27.6	-28.6	-29.6
V	-296367436.8	-27.3	-28.3	-29.3
V	-296366752	-27.9	-28.6	-29.4
V	-296366038.7	-28.6	-29.6	-30.6
V	-296364897.4	-27.5	-28.2	-29
V	-296363470.8	-24.9	-25.9	-26.9
V	-296361872.9	-27.8	-28.6	-29.3
V	-296360731.6	-27.8	-28.8	-29.8
V	-296360275.1	-28.2	-28.9	-29.7
V	-296359561.8	-25.4	-26.4	-27.4
V	-296358420.5	-28.6	-29.3	-30.1
V	-296358135.2	-26.1	-27.1	-28.1
V	-296357906.9	-27	-27.4	-27.8
V	-296356480.3	-26.2	-27.2	-28.2
V	-296356252	-28.8	-29.5	-30.3
V	-296356109.4	-26.1	-27.1	-28.1
V	-296355652.8	-27.9	-28.7	-29.4
V	-296354226.2	-26.3	-27.3	-28.3
V	-296353997.9	-28.9	-29.6	-30.4
V	-296353855.3	-26.3	-27.3	-28.3
V	-296353627	-28.9	-29.7	-30.4
V	-296353484.4	-26.4	-27.4	-28.4
V	-296353256.1	-28.9	-29.7	-30.4
V	-296353113.4	-26.4	-27.4	-28.4
V	-296352885.2	-24.5	-25.5	-26.5
V	-296347178.7	-28.3	-29.1	-29.8
V	-296345752	-26.7	-27.7	-28.7
V	-296345523.8	-29.3	-30.1	-30.8
V	-296345381.1	-26.8	-27.8	-28.8
V	-296345152.8	-29.3	-30.1	-30.8
V	-296345010.2	-26.8	-27.8	-28.8
V	-296344781.9	-29.1	-29.9	-30.6
V	-296344353.9	-26.3	-27.3	-28.3
V	-296343440.9	-29.4	-30.2	-30.9
V	-296343298.2	-26.4	-27.4	-28.4
V	-296342385.2	-29.5	-30.2	-31
V	-296342242.5	-26.4	-27.4	-28.4
V	-296341329.5	-29.5	-30.3	-31
V	-296341186.8	-26.5	-27.5	-28.5
V	-296340273.8	-29.6	-30.3	-31.1
V	-296340131.1	-26.5	-27.5	-28.5
V	-296339218.1	-29.6	-30.4	-31.1
V	-296339075.4	-26.6	-27.6	-28.6
V	-296338162.4	-29.7	-30.4	-31.2
V	-296338019.7	-27	-28	-29
V	-296337563.2	-27.8	-28.5	-29.3
V	-296334709.9	-29.8	-30.6	-31.3
V	-296334567.2	-27	-28	-29
V	-296333882.5	-29.9	-30.6	-31.4
V	-296333739.8	-27	-28	-29
V	-296333055	-29.9	-30.7	-31.4
V	-296332912.4	-27	-28	-29
V	-296332227.6	-30	-30.7	-31.5
V	-296332084.9	-27.1	-28.1	-29.1
V	-296331400.1	-30	-30.7	-31.5
V	-296331257.5	-27.1	-28.1	-29.1
V	-296330572.7	-30	-30.8	-31.5
V	-296330430	-27.2	-28.2	-29.2
V	-296329745.2	-30.1	-30.8	-31.6
V	-296329602.6	-28.4	-28.8	-29.2
V	-296328175.9	-30.2	-30.9	-31.7
V	-296328033.3	-27.3	-28.3	-29.3
V	-296327348.5	-30.2	-30.9	-31.7
V	-296327205.8	-27.3	-28.3	-29.3
V	-296326521	-30.2	-31	-31.7
V	-296326378.4	-27.5	-28.5	-29.5
V	-296325921.9	-30.3	-31	-31.8
V	-296325779.2	-27.6	-28.6	-29.6
V	-296325322.7	-31.4	-31.9	-32.4
V	-296324609.4	-31.4	-31.9	-32.4
V	-296323896	-26.4	-27.4	-28.4
V	-296321613.4	-29.3	-30	-30.8
V	-296319758.8	-27.9	-28.3	-28.7
V	-296316905.6	-30.3	-31.1	-31.8
V	-296316192.2	-27.7	-28.7	-29.7
V	-296315279.2	-30.5	-31.2	-32
V	-296314708.5	-27.8	-28.8	-29.8
V	-296313795.5	-30.6	-31.3	-32.1
V	-296313224.9	-27.8	-28.8	-29.8
V	-296312311.8	-30.6	-31.4	-32.1
V	-296311741.2	-27.9	-28.9	-29.9
V	-296310828.1	-30.7	-31.5	-32.2
V	-296310257.5	-28	-29	-30
V	-296309344.4	-30.8	-31.5	-32.3
VI	-296308773.8	-25.8	-27.3	-28.8
VI	-296298965.7	-32.8	-33.3	-33.8
VI	-296298395	-29.5	-30.2	-31
VI	-296295199.4	-29.1	-29.5	-29.9
VI	-296292346.1	-31.9	-32.7	-33.4
VI	-296292203.5	-31.4	-32.1	-32.9
VI	-296291290.4	-29.6	-30.3	-31.1
VI	-296287723.8	-31.9	-32.7	-33.4
VI	-296287267.3	-30.5	-30.9	-31.3
VI	-296285840.7	-32.1	-32.9	-33.6
VI	-296285555.4	-28.3	-30.3	-32.3
VI	-296283415.4	-33.2	-34	-34.7
VI	-296281632.1	-32	-32.8	-33.5
VI	-296278065.5	-29.5	-30.3	-31
VI	-296273500.3	-32.6	-33.4	-34.1
VI	-296273072.3	-31.7	-32.4	-33.2
VI	-296271246.3	-32.8	-33.6	-34.3
VI	-296270960.9	-31.1	-31.9	-32.6
VI	-296268221.8	-32.8	-33.5	-34.3
VI	-296267651.1	-32.9	-33.7	-34.4
VI	-296267194.6	-33.1	-33.9	-34.6
VI	-296267052	-33.1	-33.8	-34.6
VI	-296266823.7	-33.1	-33.8	-34.6
VI	-296266538.4	-32.5	-33.2	-34
VI	-296265397.1	-31.8	-32.6	-33.3
VI	-296263257.1	-32.6	-32.6	-32.6
VI	-296262722.1	-33.1	-33.8	-34.6
VI	-296262151.5	-33	-33.8	-34.5
VI	-296261466.7	-31.7	-32.5	-33.2
VI	-296258898.8	-32.4	-33.4	-34.4
VI	-296257757.5	-34.4	-35.4	-36.4
VI	-296257300.9	-32.2	-33	-33.7
VI	-296255161	-33.7	-34.4	-35.2
VI	-296254932.7	-33.5	-34.3	-35
VI	-296254504.7	-33.2	-34	-34.7
VI	-296253591.7	-33.8	-34.6	-35.3
VI	-296253449	-33.3	-34.1	-34.8
VI	-296252593.1	-33.9	-34.6	-35.4
VI	-296252450.4	-33.3	-34.1	-34.8
VI	-296251537.4	-33.8	-34.6	-35.3
VI	-296251252	-32.3	-33	-33.8
VI	-296248741.2	-33.2	-33.9	-34.7
VI	-296247314.5	-29.4	-30.2	-30.9
VI	-296240466.7	-33.6	-34.3	-35.1
VII	-296239040.1	-33	-33.8	-34.5
VII	-296236757.5	-31.7	-31.7	-31.7
VII	-296233190.9	-33	-33.7	-34.5
VII	-296230451.8	-31.2	-31.6	-32
VII	-296226171.9	-33.3	-34	-34.8
VII	-296223318.6	-35.2	-35.9	-36.7
VII	-296223033.3	-35.1	-35.8	-36.6
VII	-296222576.8	-35.2	-36	-36.7
VII	-296222291.4	-35.1	-35.9	-36.6
VII	-296221834.9	-35.3	-36	-36.8
VII	-296221549.6	-35.2	-35.9	-36.7
VII	-296221093.1	-35.3	-36.1	-36.8
VII	-296220807.7	-35.2	-36	-36.7
VII	-296220351.2	-35.3	-36.1	-36.8
VII	-296220065.9	-35.2	-36	-36.7
VII	-296219609.4	-35.4	-36.1	-36.9
VII	-296219324	-35.3	-36	-36.8
VII	-296218867.5	-35.4	-36.2	-36.9
VII	-296218582.2	-34.8	-35.6	-36.3
VIII	-296217440.9	-31.9	-32.3	-32.7
VIII	-296213161	-34.1	-34.9	-35.6
VIII	-296207811.1	-35.7	-36.2	-36.7
VIII	-296204957.9	-33.5	-33.9	-34.3
VIII	-296202104.6	-36.5	-37	-37.5
VIII	-296200107.3	-37	-37.5	-38
VIII	-296198680.7	-34	-34.8	-35.5
VIII	-296194971.5	-32.6	-33.3	-34.1
VIII	-296188979.6	-32.3	-32.7	-33.1
VIII	-296183273.1	-37.2	-37.9	-38.7
VIII	-296182987.8	-34.6	-35	-35.4
VIII	-296180134.5	-37.3	-38.1	-38.8
VIII	-296179849.2	-37.2	-38	-38.7
VIII	-296179392.7	-37	-37.7	-38.5
VIII	-296178536.7	-36.1	-37.6	-39.1
VIII	-296176396.7	-36.8	-37.6	-38.3
VIII	-296172295.2	-36.8	-37.5	-38.3
VIII	-296167836.9	-37.1	-37.9	-38.6
VIII	-296166410.3	-37.9	-38.6	-39.4
VIII	-296165982.3	-38.1	-38.8	-39.6
VIII	-296162950.7	-37.4	-38.1	-38.9
VIII	-296161524.1	-39.8	-40.6	-41.3
VIII	-296160632.5	-38.2	-38.9	-39.7
VIII	-296160204.5	-38.3	-39.1	-39.8
VIII	-296159976.2	-38.3	-39.1	-39.8
VIII	-296159690.9	-37	-37.8	-38.5
VIII	-296157550.9	-37.2	-37.9	-38.7
VIII	-296155496.6	-38.4	-39.2	-39.9
VIII	-296155068.6	-37.2	-38	-38.7
VIII	-296152928.7	-38.1	-38.8	-39.6
VIII	-296151787.4	-35.7	-37.7	-39.7
VIII	-296150717.4	-38.6	-39.3	-40.1
VIII	-296150146.7	-38.5	-39.3	-40
VIII	-296149461.9	-38.6	-39.4	-40.1
VIII	-296148891.3	-38.6	-39.3	-40.1
VIII	-296148206.5	-38.7	-39.4	-40.2
VIII	-296147635.9	-38.8	-39.5	-40.3
VIII	-296147179.3	-38.6	-39.4	-40.1
VIII	-296146466	-38.7	-39.4	-40.2
VIII	-296145781.2	-38.8	-39.6	-40.3
VIII	-296145210.6	-38.9	-39.7	-40.4
VIII	-296144754.1	-38.8	-39.5	-40.3
VIII	-296144040.7	-39.1	-39.8	-40.6
VIII	-296143755.4	-38.8	-39.6	-40.3
VIII	-296143042.1	-39	-39.8	-40.5
VIII	-296142614.1	-39.1	-39.8	-40.6
VIII	-296142186.1	-39.9	-40.7	-41.4
VIII	-296140131.8	-38.8	-39.5	-40.3
VIII	-296139133.1	-37	-39	-41
	
